8
div 2 (0,0) (0,1)
sub 2 (0,2) (0,3)
add 21 (0,4) (0,5) (0,6)
mul 28 (0,7) (1,7)
add 18 (1,0) (2,0) (3,0) (4,0)
add 21 (1,1) (1,2) (1,3) (2,1)
add 10 (1,4) (2,4) (2,5)
mul 15 (1,5) (1,6)
add 18 (2,2) (2,3) (3,2) (3,3)
mul 24 (2,6) (2,7)
add 16 (3,1) (4,1) (4,2)
mul 40 (3,4) (4,4) (5,4)
sub 5 (3,5) (3,6)
div 2 (3,7) (4,7)
sub 1 (4,3) (5,3)
sub 2 (4,5) (4,6)
div 2 (5,0) (6,0)
sub 4 (5,1) (6,1)
add 9 (5,2) (6,2)
sub 2 (5,5) (6,5)
add 18 (5,6) (5,7) (6,6)
mul 8 (6,3) (6,4) (7,4)
mul 1008 (6,7) (7,5) (7,6) (7,7)
sub 3 (7,0) (7,1)
div 4 (7,2) (7,3)
